1000
12106 23763
4033  17086
2433  22393
22646 21212
16936 21305
8529  2942 
32108 14740
5049  25368
30592 13109
21243 2453 
10018 6441 
6858  16072
9427  12884
19026 7087 
16874 6662 
1247  14875
10789 31247
6433  31725
16555 20221
7291  5250 
2690  26258
13939 17452
19493 4785 
15257 9617 
13172 32056
5532  18153
10713 11905
22881 11401
12509 12351
765   30233
28218 29601
27498 15283
1797  27786
25760 27401
23782 1504 
22158 26124
12455 32117
31434 25383
8700  23218
19912 27388
19284 2547 
17188 12090
8183  23170
10163 6413 
20606 19882
12076 9110 
25986 9552 
25999 1512 
21995 14253
29943 4375 
32557 14124
24817 1800 
13455 18414
24448 12307
16656 3109 
22383 3027 
8424  23487
10762 12183
21660 28296
22027 5943 
13402 6356 
8283  19570
20298 19907
22556 7133 
9017  19876
29641 27920
22248 22307
18421 27511
24437 27937
29536 16419
24723 3391 
29065 16125
13352 17191
7084  17785
26557 17891
25048 6821 
31311 7706 
16581 31131
4807  18869
8164  30209
25498 29050
27614 5652 
6909  19434
9827  7582 
31750 25750
25436 31092
30245 5074 
1931  14546
28594 22390
15122 21346
12216 31993
11924 15332
22058 10173
14443 8822 
6298  26180
17630 21398
16641 26139
19570 27251
29671 17206
23256 1197 
3993  15485
25605 19301
4133  17963
5885  20247
5700  31800
21688 19067
19432 1396 
22428 8631 
31570 10931
15127 12211
23983 4203 
26192 20763
18579 27226
13675 21454
22209 9453 
5678  4227 
5207  19715
1049  7156 
16641 6404 
26656 8684 
20773 29650
16193 10529
26670 5993 
6938  3912 
18308 24684
32601 29491
22286 345  
24550 17368
31123 521  
3234  8237 
20830 8924 
17110 19043
13431 22671
26618 27158
7050  27237
16281 18904
24475 32508
17740 20111
12688 32641
24035 5990 
11899 3486 
24201 5335 
9896  26606
10200 23111
13671 3057 
23587 28698
18264 25947
17729 19123
1643  6423 
28217 9490 
16448 22940
2305  2733 
26461 2391 
6177  9065 
31680 18987
18523 29880
26282 30224
7632  29795
8483  3866 
26129 412  
4213  9449 
31083 14785
8225  21744
5439  5042 
18961 14945
15639 14556
31667 23576
31378 2969 
26115 25332
19336 5984 
6073  19388
31828 1798 
22250 32094
24608 80   
9411  333  
17479 4147 
1056  22493
30134 24835
26135 269  
12385 20788
9962  16729
14593 20330
30146 3935 
12752 5134 
17274 1754 
23161 29643
23359 1436 
25591 30046
17710 29900
16708 425  
16673 10452
30504 13588
446   6870 
22321 25740
22165 9119 
25944 32091
27461 24650
25616 18196
29178 18410
18712 19906
1397  28309
13548 833  
22922 26741
6555  30050
17969 5642 
6608  23782
12300 27992
116   11371
26234 6404 
6983  8191 
25355 16850
30813 27217
19574 14394
9884  24044
8420  23841
26195 2992 
9183  29373
22158 3623 
19650 29527
26801 14199
28205 11007
27698 18378
8027  20025
10784 14584
20571 18889
483   8950 
8964  27047
8338  12547
10251 1830 
169   4630 
597   12855
17041 5638 
32332 14466
26260 11358
12443 12261
26529 30718
17032 25232
31404 29747
19386 31223
14974 25239
21541 21699
8614  7480 
14144 3243 
24157 1242 
17906 17233
9335  14115
22723 31773
10920 31526
29298 11314
24679 27600
3558  2939 
10926 13716
27790 21110
1626  12287
27775 25255
24919 31155
5205  17109
17725 24507
7620  30617
10967 27763
7098  9106 
31230 16496
11672 17504
30941 26022
5006  2251 
17790 19467
30500 3427 
4053  3147 
11543 9719 
14130 31194
28791 20305
24081 24512
14599 31801
4496  29390
30448 26379
29    24417
4279  5276 
2930  16502
26241 10530
1924  30518
736   27770
22537 3810 
13845 27115
9140  13790
4423  31165
11525 2853 
3009  27239
24274 5303 
18684 4984 
29965 16679
15243 14622
15040 18650
17217 6972 
23236 7468 
27582 23032
7325  10417
26907 31282
24260 24060
10825 29355
8039  12020
26673 25756
14724 22209
5786  19745
6303  2443 
25463 23943
24558 22539
25559 15388
21538 28544
20190 9150 
8226  31071
24442 20955
20091 12040
4315  2088 
29104 17785
22714 25488
32619 339  
31126 11607
17214 31997
15662 2033 
6276  14249
23359 22212
17777 15451
32674 6701 
30169 16910
4978  15893
29057 21260
26140 19985
24932 25921
8708  23400
20446 901  
11350 3358 
13192 13084
32147 11635
20904 13403
111   10216
19884 32116
12933 21771
26143 21681
16225 25079
26125 2331 
32120 18244
21270 22202
32655 530  
7734  15221
32339 28761
15905 11505
26512 23440
26532 23300
21837 24827
16921 10107
2014  14625
19595 16309
30685 1716 
25357 26752
28208 11346
19679 32201
20277 32660
12504 26574
29094 2169 
8710  10945
16052 20556
28386 9945 
18174 15104
26032 22932
1196  9034 
9681  18407
17516 17970
19198 20510
1072  16033
6694  13357
23798 24298
21195 17808
27355 3557 
16653 24050
17249 4330 
9919  11849
20931 29696
29397 29993
21722 22681
4231  14170
27907 6359 
18675 5621 
25658 21640
21866 6336 
6571  3414 
19294 4637 
15983 3054 
6150  21225
7634  28663
20412 30565
18747 19193
17609 16681
15163 13101
12997 24143
28061 16568
30673 10281
18640 17921
25233 23973
6012  24028
15591 3204 
25519 9960 
1789  14558
29753 28342
1248  11022
27859 22456
29503 87   
17035 3614 
11695 24949
29801 16663
29259 25537
30105 23068
1256  13138
26720 21203
28072 26737
9788  18072
15960 23720
22476 5665 
25826 3645 
19700 1396 
29483 4274 
24874 30087
10683 12097
1997  16021
24503 6202 
28054 13833
23450 4002 
16251 15884
16554 219  
12166 31701
11046 9258 
22329 20807
25226 29501
30635 15480
1224  3930 
13122 18385
12445 5056 
22245 12163
24480 13894
18928 28490
21129 1632 
12421 9710 
5181  5977 
9188  28042
12916 19387
21587 12240
19683 16085
10159 3831 
5994  12946
29698 7977 
22388 19912
19946 31399
23079 1551 
19455 17875
24372 2439 
25267 16587
7375  30403
9180  17357
23252 21289
18944 25454
22513 31004
24253 23192
18862 14216
21550 19623
526   31166
12422 305  
12568 421  
4321  8353 
4202  21789
12442 25581
10513 23166
13808 32035
4829  29971
28571 4705 
11745 2769 
8464  923  
13830 21634
26973 23773
23115 25657
12909 32177
2537  28182
10459 19041
9332  12466
16215 2019 
1283  18637
14379 7914 
13732 18521
9195  28884
24136 27107
654   8599 
31618 5918 
2818  26409
680   28951
8979  12528
8053  27811
23573 9013 
7395  2462 
13964 15208
10031 27248
24284 29887
24829 10015
11185 24775
8111  17749
3244  183  
3737  15249
14520 22813
23090 22668
14335 1419 
26575 12256
4551  15500
28889 14875
10910 12416
11392 28303
14329 28378
32528 6461 
7001  26965
1074  15586
15588 16559
14292 12561
25674 31976
8922  29767
8910  20462
19087 735  
13054 15029
24395 27375
5647  20385
21800 23655
1049  27765
25605 32714
6217  10043
30781 26723
7223  2622 
7585  19328
23146 18506
268   10230
22595 12466
3145  27903
28326 12509
546   15794
8026  10834
10156 17832
12264 20512
8966  25503
30974 20484
6031  15957
14425 27144
25736 16194
19045 8252 
7395  23462
1283  9732 
5678  1924 
1483  12151
10737 32105
28837 11285
16141 6693 
10076 32741
21025 8695 
1126  4802 
19225 12038
13075 24956
27710 27601
14519 26562
25506 20822
1902  14045
31862 29961
9661  19540
30831 10158
16664 24218
15696 12535
20026 30124
9444  23910
7124  3059 
26968 14978
9317  24786
19212 12505
13596 3343 
14678 29179
9351  12535
29802 17256
21894 22570
25908 15129
25905 32273
18152 18749
28098 15469
22519 204  
18754 20783
8800  8274 
17575 15924
12649 25077
5179  11007
18823 10044
27598 31269
8799  3872 
32131 14418
20263 26002
28845 25936
10920 28351
932   18349
24342 14620
26634 25618
16938 4795 
11402 10788
24619 17421
25187 31922
176   26409
5226  26902
23350 18945
3983  24026
27204 18326
10469 8603 
2256  617  
22694 3144 
8308  21787
12865 25994
26200 10433
32558 20079
23181 32064
22834 14744
14485 15266
24788 22527
12717 7788 
11098 9952 
28878 28046
22344 19033
32640 7229 
15701 24006
32584 17166
19489 23167
18615 821  
27981 5955 
15478 15224
191   20499
28339 4222 
29998 14510
14438 10899
14991 7253 
11762 4017 
28663 15829
28174 6839 
31810 31565
16691 1522 
12774 5121 
3748  10319
13503 27787
23399 3771 
22360 24555
22308 18637
21735 21539
3282  9260 
15019 8219 
10386 22650
3461  16328
4598  18897
5500  15359
27065 7054 
3821  8011 
32075 13838
28159 22452
3947  6327 
1069  15048
9914  9147 
5482  13159
1660  21466
11218 21562
20058 27294
26759 29889
8452  31134
24731 11624
27137 23231
14352 30640
5798  32074
7347  7737 
10148 7134 
14933 11158
7643  948  
555   774  
18562 32609
11324 4274 
8840  14240
15335 3429 
7067  18616
21444 8494 
9307  19607
6716  28017
2060  27850
27273 20566
21940 1812 
9942  23737
18989 12055
4819  20911
10792 6569 
2986  20279
16533 20397
24163 2331 
8645  2156 
4392  29176
26729 13032
6649  23591
17584 3293 
10209 10868
29346 2258 
1293  7231 
28888 9709 
27182 31894
11781 32606
22929 26730
20927 6408 
17110 6419 
23593 30759
2958  13478
6301  10790
28037 22668
27068 3875 
29886 7224 
20820 14945
22186 4992 
27840 32122
13520 17260
32530 19841
30736 6700 
15777 2230 
27340 21648
391   12399
12331 2765 
31293 15272
4261  4927 
8683  7092 
14886 26587
17484 7127 
11817 6200 
3477  13877
23797 6989 
5819  27509
19657 1875 
29057 19968
8206  1745 
8173  19709
4557  30824
24864 30150
21637 23722
10488 19202
10507 23318
12424 30539
2496  16305
13377 23536
13881 21712
28798 13337
5351  5218 
10272 30385
22357 30631
18768 7937 
10968 60   
3181  12905
24290 14251
1845  29259
11322 20414
7171  14541
20686 13279
18875 10195
11242 24271
11714 1997 
22853 16149
28058 282  
26623 10821
17047 7319 
26870 5166 
30407 8013 
26112 25848
22623 9983 
24144 18588
30371 17344
8990  17806
31735 21007
10192 24347
10443 21300
20847 17887
30380 826  
6007  21500
18105 7976 
27567 14242
23998 12092
13311 7040 
24905 18887
220   26053
15581 2317 
12351 21007
25814 21103
31132 29878
3774  23557
22014 19820
19319 31166
16793 22359
14630 22627
7483  21751
26282 13750
12007 31091
19486 30125
23881 1746 
6230  24384
14913 13322
22020 21667
435   22131
18680 7253 
6863  15004
14567 14037
28811 8403 
26494 19070
8333  29794
3909  14301
23719 2419 
17671 22353
14507 7986 
22769 28952
4582  13000
11656 1361 
24436 11574
23308 5653 
26233 27605
13373 5431 
25482 2576 
22558 25922
24597 7168 
18715 11406
18069 22228
1967  32150
18430 3428 
21224 7226 
14243 14324
32540 18190
24010 13620
14239 23094
7136  818  
3955  8553 
5156  16630
29470 7095 
23151 30463
30326 31096
18391 32415
6799  32126
10360 10244
9024  15055
11542 11477
28862 4607 
25259 31908
14602 20666
17291 24551
32375 32166
6644  25029
27932 3803 
32233 28490
30627 886  
22780 24343
22243 26294
28136 20123
5271  1193 
20676 21697
19369 17688
12746 19565
27896 21   
2668  30498
27014 20253
5384  28796
20504 3763 
29942 4356 
1903  31819
20905 6671 
3234  13353
9636  12151
23175 14347
9312  3695 
6143  7047 
27177 7743 
17171 19018
29046 24312
3038  377  
23528 1650 
23973 17481
3360  27935
32427 7834 
31699 5301 
10108 5069 
21970 23108
20985 23987
32473 18256
16162 11287
13199 24678
12305 2835 
23237 26614
3265  27008
15195 26613
6205  29500
21513 16353
26536 29079
10850 11859
1924  6307 
17651 18620
8479  22277
10331 30661
478   16705
5933  30617
13935 13757
17710 5876 
32294 7711 
28796 17045
20144 20759
29213 2847 
32059 14379
25661 11572
4829  31460
19137 5574 
25372 7935 
4868  31373
24864 12221
24238 28496
32533 3938 
588   8112 
22146 25060
20630 12784
3623  26796
7744  13285
11324 24987
3118  10482
26897 20832
18435 26578
28795 11980
2115  29202
32288 23707
2772  32650
13402 17740
1699  17798
11326 23331
4896  26380
25395 8746 
2026  18664
5115  17480
19054 15291
6591  21967
13638 2108 
30928 19426
2938  4329 
32140 29663
22196 3978 
23401 19452
14882 18543
18383 5911 
2154  9983 
3076  8745 
10984 5087 
28791 31904
17997 25195
4649  362  
11800 5595 
10549 28574
4300  3235 
27931 823  
17137 9884 
8657  23268
25182 30218
24316 29466
28520 29122
25053 23568
27008 21843
10872 27077
31026 32455
24011 8331 
32533 14416
26941 19905
17752 14565
20448 10777
7506  31280
26609 14601
29576 13871
18327 22022
12208 21428
16920 5181 
25275 20793
21585 10024
28840 24864
20282 28957
11528 9081 
10893 24596
11773 26874
20578 20379
20654 4671 
9448  28780
14589 17881
13169 440  
11440 27437
3238  5401 
31736 5317 
12329 21451
12174 39   
10131 20679
10955 12567
30928 30770
5867  20059
9061  3846 
18513 5555 
14029 30266
26426 32512
6391  23008
